14976
-0.990086 0.138582 -0.022908 0.014382 -0.062220 -0.997959 0.139724 0.988395 -0.059610
-0.999083 0.030283 -0.030257 0.028561 -0.054964 -0.998080 0.031888 0.998029 -0.054049
-0.963223 0.240742 -0.119353 0.103200 -0.078671 -0.991545 0.248096 0.967396 -0.050933
-0.992089 0.041264 -0.118564 0.116358 -0.052290 -0.991830 0.047127 0.997779 -0.047075
-0.929022 0.221741 -0.296226 0.276439 -0.116237 -0.953976 0.245968 0.968153 -0.046689
-0.948353 0.137002 -0.286106 0.276642 -0.084158 -0.957281 0.155227 0.986989 -0.041911
-0.848026 0.529894 -0.007961 -0.020165 -0.047276 -0.998678 0.529570 0.846745 -0.050777
-0.906863 0.421316 -0.009581 -0.013314 -0.051365 -0.998591 0.421215 0.905458 -0.052190
-0.778409 0.616132 -0.120250 0.072278 -0.102316 -0.992123 0.623582 0.780969 -0.035111
-0.898676 0.422321 -0.118430 0.086804 -0.093423 -0.991835 0.429937 0.901619 -0.047298
-0.757417 0.577710 -0.304255 0.218410 -0.214967 -0.951885 0.615318 0.787427 -0.036642
-0.814362 0.497700 -0.298511 0.234017 -0.189083 -0.953669 0.531084 0.846488 -0.037512
-0.992256 0.124207 -0.000819 -0.005365 -0.049443 -0.998763 0.124094 0.991024 -0.049726
-0.999642 0.026276 0.005014 -0.006129 -0.042518 -0.999077 0.026039 0.998750 -0.042664
-0.968967 0.226021 -0.100090 0.086332 -0.069983 -0.993805 0.231625 0.971605 -0.048298
-0.995789 0.042015 -0.081481 0.079611 -0.044406 -0.995836 0.045458 0.998130 -0.040874
-0.940307 0.213106 -0.265345 0.247632 -0.106404 -0.962994 0.233454 0.971218 -0.047281
-0.958761 0.132546 -0.251415 0.243197 -0.075186 -0.967059 0.147082 0.988321 -0.039850
-0.864291 0.502959 -0.005776 -0.023788 -0.052341 -0.998346 0.502429 0.862724 -0.057202
-0.915629 0.402007 0.003673 -0.025510 -0.048981 -0.998474 0.401213 0.914326 -0.055104
-0.798007 0.591294 -0.116435 0.063549 -0.109564 -0.991946 0.599289 0.798979 -0.049857
-0.907691 0.408665 -0.095337 0.064135 -0.089423 -0.993927 0.414708 0.908293 -0.054959
-0.774424 0.563671 -0.287302 0.199556 -0.213301 -0.956389 0.600371 0.797984 -0.052701
-0.829142 0.486970 -0.274560 0.210043 -0.183780 -0.960264 0.518079 0.853865 -0.050095
-0.992284 0.119585 0.032728 -0.038203 -0.043776 -0.998311 0.117950 0.991858 -0.048007
-0.998750 0.028170 0.041280 -0.042313 -0.037140 -0.998414 0.026592 0.998913 -0.038285
-0.974298 0.214104 -0.070018 0.057601 -0.063700 -0.996305 0.217773 0.974732 -0.049730
-0.998095 0.039640 -0.047278 0.045744 -0.038750 -0.998201 0.041401 0.998462 -0.036863
-0.951091 0.204516 -0.231516 0.215346 -0.098381 -0.971570 0.221478 0.973907 -0.049527
-0.968080 0.126848 -0.216172 0.208937 -0.067970 -0.975564 0.138441 0.989591 -0.039297
-0.873548 0.486388 0.018447 -0.048577 -0.049408 -0.997597 0.484308 0.872345 -0.066788
-0.922640 0.384468 0.030314 -0.051373 -0.044622 -0.997682 0.382224 0.922059 -0.060921
-0.812484 0.575691 -0.091926 0.037360 -0.105942 -0.993670 0.581786 0.810775 -0.064568
-0.917506 0.392397 -0.064858 0.034999 -0.082781 -0.995953 0.396178 0.916063 -0.062218
-0.793758 0.549247 -0.261296 0.174610 -0.205745 -0.962902 0.582631 0.809936 -0.067408
-0.846382 0.472849 -0.245053 0.182573 -0.174636 -0.967558 0.500304 0.863664 -0.061479
-0.711057 0.076271 -0.698985 0.683899 -0.155914 -0.712723 0.163342 0.984822 -0.058702
-0.725927 0.002520 -0.687767 0.685395 -0.080402 -0.723719 0.057122 0.996759 -0.056639
-0.530226 0.100445 -0.841886 0.806920 -0.245030 -0.537439 0.260270 0.964298 -0.048870
-0.562640 -0.006962 -0.826673 0.824484 -0.077932 -0.560494 0.060522 0.996934 -0.049587
-0.310638 0.032822 -0.949962 0.918988 -0.244942 -0.308972 0.242827 0.968982 -0.045925
-0.320955 0.010026 -0.947041 0.934342 -0.160188 -0.318347 0.154896 0.987036 -0.042046
-0.610777 0.360000 -0.705232 0.572994 -0.413745 -0.707455 0.546470 0.836191 -0.046428
-0.657202 0.285839 -0.697411 0.610052 -0.341665 -0.714914 0.442631 0.895299 -0.050166
-0.428207 0.313354 -0.847613 0.643347 -0.552984 -0.529446 0.634621 0.772022 -0.035196
-0.505747 0.205863 -0.837759 0.739112 -0.397415 -0.543852 0.444897 0.894249 -0.048836
-0.255169 0.156088 -0.954215 0.744003 -0.598603 -0.296873 0.617534 0.785692 -0.036615
-0.274316 0.131147 -0.952655 0.798440 -0.521062 -0.301641 0.535952 0.843383 -0.038223
-0.739321 0.077322 -0.668899 0.656289 -0.139472 -0.741507 0.150628 0.987203 -0.052369
-0.754940 0.009518 -0.655725 0.653634 -0.070181 -0.753550 0.053192 0.997489 -0.046761
-0.558326 0.098669 -0.823733 0.792565 -0.229999 -0.564749 0.245181 0.968176 -0.050213
-0.593564 -0.000576 -0.804786 0.802659 -0.073091 -0.591943 0.058482 0.997325 -0.043846
-0.340942 0.035658 -0.939408 0.911665 -0.231308 -0.339653 0.229404 0.972227 -0.046355
-0.353445 0.014728 -0.935339 0.924057 -0.150114 -0.351546 0.145585 0.988559 -0.039447
-0.635731 0.346245 -0.689899 0.565203 -0.399917 -0.721535 0.525730 0.848635 -0.058541
-0.680828 0.278414 -0.677465 0.594908 -0.329360 -0.733217 0.427268 0.902224 -0.058607
-0.454644 0.297426 -0.839545 0.646363 -0.538338 -0.540746 0.612791 0.788498 -0.052507
-0.533377 0.199770 -0.821949 0.729662 -0.382899 -0.566552 0.427904 0.901931 -0.058465
-0.281608 0.147771 -0.948083 0.750902 -0.581192 -0.313626 0.597363 0.800237 -0.052707
-0.303467 0.126688 -0.944382 0.801845 -0.501461 -0.324935 0.514736 0.855855 -0.050593
-0.763842 0.078477 -0.640614 0.628859 -0.132799 -0.766094 0.145194 0.988031 -0.052086
-0.779503 0.013371 -0.626256 0.624261 -0.065930 -0.778429 0.051698 0.997735 -0.043046
-0.587068 0.097984 -0.803586 0.774900 -0.219240 -0.592844 0.234268 0.970738 -0.052781
-0.621814 0.003933 -0.783155 0.781136 -0.068817 -0.620557 0.056335 0.997622 -0.039719
-0.372239 0.037877 -0.927364 0.901990 -0.220728 -0.371070 0.218750 0.974600 -0.047998
-0.384386 0.018761 -0.922982 0.912534 -0.143622 -0.382955 0.139745 0.989455 -0.038086
-0.662654 0.338236 -0.668196 0.549087 -0.387327 -0.740595 0.509307 0.857656 -0.070943
-0.707052 0.271752 -0.652862 0.575382 -0.315638 -0.754525 0.411112 0.909133 -0.066812
-0.485574 0.290514 -0.824512 0.640626 -0.523502 -0.561733 0.594825 0.800967 -0.068088
-0.562722 0.196555 -0.802938 0.716692 -0.368035 -0.592371 0.411942 0.908800 -0.066232
-0.314459 0.145736 -0.938017 0.753529 -0.562650 -0.340028 0.577330 0.813748 -0.067114
-0.335601 0.126441 -0.933480 0.800320 -0.484395 -0.353340 0.496850 0.865664 -0.061370
-0.547788 0.836607 -0.004197 -0.024836 -0.021276 -0.999465 0.836248 0.547391 -0.032433
-0.648433 0.761162 -0.012901 -0.020431 -0.034340 -0.999201 0.760997 0.647652 -0.037819
-0.457319 0.881923 -0.114329 0.037156 -0.109500 -0.993292 0.888526 0.458499 -0.017308
-0.643927 0.754204 -0.128586 0.054433 -0.122480 -0.990977 0.763148 0.645116 -0.037815
-0.455779 0.837077 -0.302600 0.124243 -0.276806 -0.952860 0.881379 0.471890 -0.022161
-0.535113 0.786935 -0.307224 0.148810 -0.270180 -0.951240 0.831570 0.554739 -0.027473
-0.167390 0.985808 -0.012771 -0.009220 -0.014519 -0.999852 0.985848 0.167247 -0.011519
-0.283103 0.959044 -0.009327 -0.018350 -0.015140 -0.999717 0.958914 0.282852 -0.021885
-0.066988 0.989227 -0.130162 0.012048 -0.129643 -0.991487 0.997681 0.067986 0.003233
-0.285052 0.949714 -0.129574 0.013726 -0.131124 -0.991271 0.958414 0.284342 -0.024342
-0.076641 0.950186 -0.302114 0.016451 -0.301759 -0.953242 0.996923 0.078027 -0.007496
-0.172032 0.936787 -0.304688 0.041699 -0.302097 -0.952365 0.984208 0.176542 -0.012907
-0.584597 0.811067 -0.020438 -0.030458 -0.047113 -0.998425 0.810752 0.583053 -0.052246
-0.676688 0.736159 -0.012811 -0.031691 -0.046506 -0.998415 0.735588 0.675209 -0.054799
-0.488598 0.862797 -0.129821 0.025092 -0.134834 -0.990550 0.872148 0.487238 -0.044230
-0.664779 0.737885 -0.116597 0.033998 -0.126033 -0.991443 0.746266 0.663054 -0.058698
-0.485213 0.819997 -0.303599 0.110658 -0.286833 -0.951568 0.867365 0.495309 -0.048436
-0.562004 0.771452 -0.298350 0.132745 -0.271905 -0.953125 0.816413 0.575265 -0.050405
-0.196241 0.980004 -0.032893 -0.037862 -0.041094 -0.998438 0.979825 0.194689 -0.045169
-0.313753 0.949081 -0.028351 -0.039907 -0.043014 -0.998277 0.948666 0.312081 -0.051371
-0.087074 0.986265 -0.140352 -0.022403 -0.142790 -0.989499 0.995950 0.083015 -0.034529
-0.310069 0.941079 -0.135007 -0.011040 -0.145561 -0.989288 0.950650 0.305257 -0.055523
-0.095669 0.943828 -0.316284 -0.010257 -0.318659 -0.947814 0.995360 0.087433 -0.040167
-0.193839 0.928747 -0.316000 0.018874 -0.318519 -0.947729 0.980852 0.189671 -0.044213
-0.606989 0.794698 -0.004374 -0.056873 -0.048928 -0.997182 0.792673 0.605029 -0.074895
-0.694949 0.719015 0.007945 -0.059047 -0.046051 -0.997192 0.716631 0.693467 -0.074458
-0.518248 0.847193 -0.116976 0.001274 -0.136013 -0.990706 0.855230 0.513580 -0.069409
-0.686826 0.720711 -0.094052 0.007291 -0.122563 -0.992434 0.726785 0.682315 -0.078925
-0.516523 0.805579 -0.290251 0.091073 -0.285362 -0.954083 0.851416 0.519240 -0.074029
-0.590539 0.756919 -0.279889 0.110745 -0.267533 -0.957163 0.799374 0.596239 -0.074164
-0.216525 0.975772 -0.031403 -0.068665 -0.047307 -0.996517 0.973859 0.213615 -0.077245
-0.339510 0.940401 -0.019466 -0.068574 -0.045387 -0.996613 0.938099 0.337026 -0.079897
-0.104952 0.983950 -0.144317 -0.052574 -0.150406 -0.987225 0.993087 0.096024 -0.067516
-0.336174 0.933436 -0.125236 -0.037903 -0.146277 -0.988517 0.941037 0.327567 -0.084554
-0.116784 0.940005 -0.320550 -0.035527 -0.326506 -0.944527 0.992522 0.098917 -0.071527
-0.217387 0.924225 -0.313929 -0.004375 -0.322540 -0.946546 0.976076 0.204394 -0.074159
-0.406632 0.584816 -0.701884 0.365742 -0.599812 -0.711659 0.837188 0.546092 -0.030011
-0.473122 0.529875 -0.703838 0.427958 -0.560090 -0.709331 0.770070 0.636813 -0.038226
-0.258582 0.470397 -0.843719 0.377324 -0.754852 -0.536493 0.889248 0.457083 -0.017699
-0.366679 0.389934 -0.844688 0.522690 -0.664746 -0.533767 0.769637 0.637231 -0.039934
-0.159196 0.250166 -0.955025 0.443950 -0.845896 -0.295583 0.881797 0.471039 -0.023602
-0.187957 0.230637 -0.954714 0.522656 -0.799495 -0.296037 0.831566 0.554630 -0.029727
-0.130871 0.705204 -0.696821 0.108828 -0.688400 -0.717121 0.985408 0.169684 -0.013346
-0.215339 0.682466 -0.698477 0.182360 -0.674572 -0.715330 0.959361 0.281413 -0.020807
-0.036716 0.535673 -0.843627 0.052642 -0.841987 -0.536923 0.997938 0.064124 -0.002715
-0.169058 0.506788 -0.845331 0.220889 -0.816378 -0.533606 0.960535 0.276935 -0.026072
-0.031905 0.296560 -0.954481 0.068564 -0.952068 -0.298102 0.997136 0.074954 -0.010042
-0.066207 0.290333 -0.954632 0.156368 -0.941892 -0.297303 0.985477 0.168958 -0.016961
-0.436692 0.562095 -0.702389 0.370586 -0.599046 -0.709795 0.819735 0.570257 -0.053294
-0.500440 0.513212 -0.697261 0.427071 -0.554228 -0.714452 0.753107 0.655321 -0.058180
-0.291557 0.446010 -0.846209 0.387808 -0.753564 -0.530797 0.874414 0.482924 -0.046741
-0.396454 0.376529 -0.837287 0.525694 -0.654589 -0.543285 0.752642 0.655545 -0.061575
-0.190779 0.234799 -0.953138 0.461975 -0.835248 -0.298226 0.866131 0.497222 -0.050877
-0.218768 0.219758 -0.950709 0.539538 -0.784578 -0.305510 0.813043 0.579779 -0.053072
-0.162893 0.687358 -0.707817 0.101429 -0.701932 -0.704985 0.981416 0.186630 -0.044621
-0.247517 0.662691 -0.706806 0.177974 -0.685995 -0.705504 0.952397 0.300417 -0.051854
-0.073182 0.521943 -0.849835 0.044786 -0.849540 -0.525619 0.996313 0.076526 -0.038795
-0.204372 0.490781 -0.846975 0.223153 -0.819097 -0.528473 0.953119 0.297010 -0.057881
-0.068163 0.283577 -0.956524 0.070918 -0.954951 -0.288165 0.995150 0.087477 -0.044982
-0.100336 0.276934 -0.955636 0.165593 -0.942439 -0.290496 0.981077 0.187393 -0.048702
-0.468703 0.549672 -0.691505 0.364651 -0.592610 -0.718222 0.804579 0.588791 -0.077320
-0.531456 0.502538 -0.681916 0.417843 -0.544739 -0.727095 0.736859 0.671353 -0.079523
-0.327118 0.435014 -0.838902 0.392591 -0.744945 -0.539378 0.859573 0.505785 -0.072902
-0.429901 0.368928 -0.824062 0.523876 -0.641432 -0.560464 0.735350 0.672649 -0.082480
-0.226021 0.229177 -0.946780 0.475602 -0.822253 -0.312573 0.850128 0.520939 -0.076849
-0.252991 0.215448 -0.943174 0.550041 -0.769969 -0.323422 0.795896 0.600608 -0.076290
-0.194598 0.675536 -0.711184 0.090810 -0.709523 -0.698806 0.976670 0.200569 -0.076726
-0.281732 0.651531 -0.704368 0.171591 -0.688057 -0.705077 0.944025 0.319506 -0.082051
-0.105199 0.510568 -0.853378 0.036890 -0.855545 -0.516412 0.993767 0.085807 -0.071168
-0.239440 0.481588 -0.843055 0.223136 -0.817776 -0.530521 0.944923 0.315144 -0.088349
-0.101451 0.276774 -0.955565 0.072782 -0.955881 -0.284593 0.992175 0.098420 -0.076831
-0.133896 0.270603 -0.953334 0.170968 -0.941264 -0.291189 0.976136 0.201979 -0.079767
0.219981 0.974172 -0.050961 -0.007681 -0.050510 -0.998694 0.975474 -0.220085 0.003629
0.123431 0.991654 -0.037232 -0.008522 -0.036458 -0.999299 0.992317 -0.123662 -0.003951
0.302900 0.940077 -0.156548 -0.045162 -0.149921 -0.987666 0.951952 -0.306234 0.002955
0.122157 0.982045 -0.143754 -0.033086 -0.140729 -0.989495 0.991959 -0.125630 -0.015301
0.291165 0.905049 -0.310015 -0.100590 -0.293297 -0.950715 0.951370 -0.308000 -0.005641
0.212275 0.925845 -0.312651 -0.076840 -0.303137 -0.949844 0.974184 -0.225652 -0.006794
0.547414 0.834369 -0.064549 -0.040921 -0.050353 -0.997893 0.835861 -0.548902 -0.006579
0.471934 0.879539 -0.060738 -0.036131 -0.049541 -0.998118 0.880893 -0.473240 -0.008398
0.617197 0.771138 -0.156249 -0.108115 -0.113583 -0.987629 0.779345 -0.626454 -0.013268
0.475096 0.866865 -0.151093 -0.090175 -0.122841 -0.988321 0.875301 -0.483172 -0.019808
0.594779 0.741956 -0.309419 -0.208493 -0.229357 -0.950750 0.776382 -0.629998 -0.018276
0.532231 0.788278 -0.308786 -0.186548 -0.246574 -0.951000 0.825791 -0.563755 -0.015817
0.222581 0.973717 -0.048301 -0.049034 -0.038300 -0.998063 0.973680 -0.224518 -0.039220
0.114939 0.992450 -0.042804 -0.048604 -0.037419 -0.998117 0.992183 -0.116803 -0.043936
0.317196 0.935965 -0.152825 -0.078978 -0.134517 -0.987759 0.945066 -0.325383 -0.031253
0.119655 0.981042 -0.152446 -0.068204 -0.145064 -0.987069 0.990470 -0.128505 -0.049553
0.296830 0.901038 -0.316263 -0.134231 -0.288532 -0.948014 0.945449 -0.323851 -0.035303
0.211943 0.922216 -0.323416 -0.112364 -0.305744 -0.945460 0.970801 -0.236724 -0.038824
0.562742 0.824476 -0.059672 -0.066079 -0.027089 -0.997447 0.823987 -0.565249 -0.039236
0.488277 0.870589 -0.060501 -0.065845 -0.032378 -0.997304 0.870201 -0.490944 -0.041514
0.631479 0.759855 -0.154450 -0.126829 -0.095287 -0.987337 0.764950 -0.643072 -0.036200
0.489077 0.857534 -0.159497 -0.120604 -0.114618 -0.986062 0.863862 -0.501496 -0.047364
0.604422 0.730850 -0.317069 -0.233131 -0.218311 -0.947623 0.761790 -0.646683 -0.038432
0.539338 0.777972 -0.322295 -0.218226 -0.240531 -0.945792 0.813321 -0.580435 -0.040046
0.230098 0.971392 -0.058767 -0.084077 -0.040318 -0.995643 0.969529 -0.234036 -0.072394
0.113171 0.992214 -0.052002 -0.082851 -0.042732 -0.995645 0.990115 -0.116987 -0.077370
0.328052 0.930273 -0.164235 -0.114335 -0.133478 -0.984434 0.937715 -0.341724 -0.062575
0.118189 0.979828 -0.161145 -0.101612 -0.149496 -0.983527 0.987778 -0.132616 -0.081893
0.297267 0.894799 -0.333116 -0.169774 -0.293792 -0.940672 0.939579 -0.336186 -0.064579
0.209768 0.916994 -0.339293 -0.146510 -0.313617 -0.938179 0.966712 -0.246510 -0.068562
0.577068 0.813269 -0.074739 -0.097786 -0.022051 -0.994963 0.810821 -0.581470 -0.066801
0.505130 0.859816 -0.074559 -0.098846 -0.028185 -0.994704 0.857364 -0.509825 -0.070752
0.640392 0.748022 -0.174247 -0.158960 -0.092874 -0.982907 0.751419 -0.657144 -0.059430
0.500250 0.847349 -0.178186 -0.155393 -0.114590 -0.981184 0.851824 -0.518526 -0.074349
0.605948 0.719604 -0.339111 -0.267593 -0.217061 -0.938764 0.749146 -0.659587 -0.061034
0.540521 0.767591 -0.344443 -0.254010 -0.241410 -0.936590 0.802070 -0.593739 -0.064489
0.149614 0.705595 -0.692641 -0.154448 -0.675248 -0.721239 0.976607 -0.214884 -0.007951
0.078439 0.713871 -0.695870 -0.089808 -0.690123 -0.718098 0.992865 -0.118821 -0.009979
0.162107 0.520957 -0.838049 -0.261989 -0.796079 -0.545545 0.951359 -0.307996 -0.007435
0.052980 0.537796 -0.841409 -0.116442 -0.833517 -0.540084 0.991783 -0.126589 -0.018462
0.084025 0.296329 -0.951383 -0.295703 -0.904336 -0.307791 0.951577 -0.307189 -0.011638
0.056933 0.300984 -0.951928 -0.221518 -0.925901 -0.306003 0.973493 -0.228290 -0.013959
0.388539 0.610786 -0.689911 -0.395644 -0.565617 -0.723563 0.832168 -0.554092 -0.021890
0.331056 0.644378 -0.689333 -0.339898 -0.600053 -0.724158 0.880268 -0.474040 -0.020372
0.331629 0.436429 -0.836392 -0.537432 -0.641247 -0.547694 0.775364 -0.631135 -0.021895
0.248119 0.489905 -0.835722 -0.419813 -0.723102 -0.548526 0.873037 -0.486946 -0.026253
0.177705 0.256010 -0.950200 -0.603497 -0.734335 -0.310715 0.777311 -0.628659 -0.024006
0.157690 0.267986 -0.950430 -0.547223 -0.777459 -0.310007 0.821998 -0.568982 -0.024050
0.130218 0.702967 -0.699200 -0.182155 -0.676239 -0.713807 0.974609 -0.220313 -0.039990
0.052754 0.706358 -0.705886 -0.117016 -0.697628 -0.706840 0.991728 -0.119889 -0.045852
0.142170 0.520524 -0.841928 -0.289940 -0.791361 -0.538221 0.946426 -0.320627 -0.038413
0.022340 0.529766 -0.847849 -0.136317 -0.838527 -0.527533 0.990413 -0.127362 -0.053483
0.054784 0.294335 -0.954131 -0.319490 -0.900162 -0.296031 0.946005 -0.321053 -0.044723
0.025279 0.297124 -0.954504 -0.238358 -0.925480 -0.294402 0.970848 -0.234956 -0.047427
0.386533 0.608658 -0.692913 -0.420911 -0.552081 -0.719750 0.820626 -0.569862 -0.042793
0.324120 0.639513 -0.697115 -0.371895 -0.591432 -0.715474 0.869851 -0.491153 -0.046137
0.323598 0.436964 -0.839254 -0.562425 -0.624447 -0.541982 0.760896 -0.647401 -0.043689
0.230526 0.484653 -0.843783 -0.451058 -0.715126 -0.533987 0.862209 -0.503693 -0.053752
0.158063 0.255935 -0.953684 -0.629822 -0.717717 -0.296996 0.760487 -0.647595 -0.047749
0.135071 0.265448 -0.954617 -0.573523 -0.764696 -0.293786 0.807977 -0.587177 -0.048952
0.108001 0.695004 -0.710848 -0.209902 -0.682969 -0.699638 0.971739 -0.224771 -0.072121
0.027278 0.697022 -0.716530 -0.140200 -0.707044 -0.693132 0.989747 -0.119365 -0.078436
0.119284 0.513635 -0.849677 -0.317429 -0.791142 -0.522813 0.940750 -0.332075 -0.068672
-0.006326 0.522347 -0.852709 -0.153809 -0.843087 -0.515312 0.988080 -0.127894 -0.085675
0.026520 0.289031 -0.956952 -0.340242 -0.897524 -0.280511 0.939964 -0.333034 -0.074538
-0.004598 0.292576 -0.956231 -0.253766 -0.925280 -0.281886 0.967255 -0.241362 -0.078500
0.373498 0.599097 -0.708225 -0.454578 -0.547315 -0.702712 0.808615 -0.584405 -0.067915
0.309467 0.629921 -0.712341 -0.405926 -0.589917 -0.698012 0.859915 -0.505170 -0.073142
0.306149 0.427420 -0.850638 -0.592533 -0.613807 -0.521676 0.745102 -0.663742 -0.065344
0.209717 0.475740 -0.854219 -0.481006 -0.710422 -0.513745 0.851265 -0.518625 -0.079846
0.132998 0.248644 -0.959421 -0.654825 -0.704604 -0.273379 0.743986 -0.664612 -0.069108
0.108686 0.258774 -0.959804 -0.597795 -0.754420 -0.271093 0.794247 -0.603230 -0.072699
0.806587 0.587209 -0.067836 -0.070176 -0.018824 -0.997357 0.586934 -0.809216 -0.026025
0.754528 0.653341 -0.061909 -0.062518 -0.022347 -0.997794 0.653283 -0.756734 -0.023984
0.848239 0.504279 -0.161844 -0.155389 -0.055170 -0.986312 0.506306 -0.861776 -0.031562
0.753763 0.639186 -0.152587 -0.136700 -0.074604 -0.987799 0.642771 -0.765425 -0.031143
0.818429 0.480853 -0.314571 -0.287926 -0.130578 -0.948709 0.497266 -0.867023 -0.031581
0.778932 0.544365 -0.311339 -0.270891 -0.155680 -0.949938 0.565582 -0.824276 -0.026200
0.963601 0.259718 -0.063403 -0.073754 0.030293 -0.996816 0.256971 -0.965209 -0.048345
0.935163 0.347380 -0.069262 -0.078819 0.013440 -0.996798 0.345337 -0.937628 -0.039949
0.975782 0.157039 -0.152277 -0.158361 0.026911 -0.987014 0.150901 -0.987226 -0.051128
0.930544 0.329932 -0.158849 -0.163844 -0.012807 -0.986403 0.327481 -0.943918 -0.042140
0.934816 0.151890 -0.321012 -0.323820 -0.006561 -0.946096 0.145809 -0.988376 -0.043052
0.918530 0.231186 -0.320712 -0.320133 -0.041076 -0.946482 0.231986 -0.972042 -0.036281
0.820342 0.568228 -0.064459 -0.079213 0.001276 -0.996857 0.566360 -0.822870 -0.046058
0.766037 0.639219 -0.067726 -0.081434 -0.008005 -0.996647 0.637618 -0.768983 -0.045922
0.861637 0.481624 -0.160061 -0.160192 -0.041170 -0.986227 0.481580 -0.875410 -0.041679
0.764251 0.622793 -0.167480 -0.160670 -0.067636 -0.984688 0.624584 -0.779458 -0.048374
0.825809 0.462168 -0.323172 -0.303098 -0.119516 -0.945435 0.475574 -0.878701 -0.041385
0.784080 0.527252 -0.327450 -0.295784 -0.146391 -0.943971 0.545647 -0.837003 -0.041170
0.967282 0.243991 -0.069528 -0.079457 0.031079 -0.996354 0.240940 -0.969279 -0.049448
0.942227 0.326617 -0.074358 -0.085550 0.020014 -0.996133 0.323865 -0.944945 -0.046800
0.974981 0.146687 -0.167019 -0.171649 0.019403 -0.984967 0.141241 -0.988993 -0.044096
0.934452 0.310109 -0.175017 -0.180722 -0.010478 -0.983478 0.306819 -0.950643 -0.046253
0.932778 0.138945 -0.332594 -0.334916 -0.007022 -0.942222 0.133252 -0.990275 -0.039985
0.917340 0.214838 -0.335158 -0.335239 -0.037188 -0.941399 0.214712 -0.975941 -0.037908
0.830996 0.549256 -0.088103 -0.107404 0.003020 -0.994211 0.545811 -0.835648 -0.061502
0.777384 0.622402 -0.091049 -0.110864 -0.006912 -0.993812 0.619180 -0.782667 -0.063629
0.867386 0.461786 -0.185459 -0.189233 -0.038610 -0.981173 0.460252 -0.886151 -0.053895
0.771541 0.606149 -0.193151 -0.192391 -0.067083 -0.979023 0.606391 -0.792517 -0.064860
0.825215 0.444120 -0.348968 -0.333328 -0.115848 -0.935666 0.455975 -0.888446 -0.052438
0.783999 0.509802 -0.354186 -0.327970 -0.144257 -0.933609 0.527050 -0.848111 -0.054102
0.968654 0.229033 -0.096193 -0.105529 0.028842 -0.993998 0.224884 -0.972991 -0.052108
0.945508 0.308852 -0.103080 -0.114413 0.018758 -0.993256 0.304836 -0.950925 -0.053072
0.971728 0.136022 -0.192986 -0.197056 0.016988 -0.980245 0.130056 -0.990560 -0.043312
0.933702 0.293764 -0.204703 -0.210677 -0.011524 -0.977488 0.289510 -0.955808 -0.051129
0.924273 0.131639 -0.358317 -0.360407 -0.008427 -0.932757 0.125807 -0.991262 -0.039655
0.909171 0.204478 -0.362762 -0.363042 -0.037512 -0.931018 0.203980 -0.978152 -0.040129
0.573865 0.436804 -0.692735 -0.581880 -0.377751 -0.720222 0.576277 -0.816399 -0.037389
0.536409 0.486954 -0.689305 -0.540463 -0.429104 -0.723719 0.648201 -0.760753 -0.033005
0.455977 0.299131 -0.838216 -0.737875 -0.399539 -0.543975 0.497620 -0.866539 -0.038541
0.402445 0.374621 -0.835283 -0.655774 -0.518673 -0.548579 0.638748 -0.768529 -0.036930
0.249174 0.184527 -0.950717 -0.829061 -0.466760 -0.307884 0.500569 -0.864919 -0.036680
0.235161 0.199795 -0.951200 -0.791419 -0.528752 -0.306720 0.564230 -0.824926 -0.033780
0.685960 0.202273 -0.698960 -0.689303 -0.127043 -0.713247 0.233069 -0.971054 -0.052281
0.666644 0.267032 -0.695902 -0.669042 -0.197202 -0.716585 0.328585 -0.943295 -0.047192
0.528516 0.115280 -0.841060 -0.838080 -0.086990 -0.538567 0.135250 -0.989517 -0.050638
0.501089 0.209076 -0.839760 -0.805347 -0.242506 -0.540931 0.316742 -0.947353 -0.046862
0.290254 0.086417 -0.953040 -0.945448 -0.128049 -0.299553 0.147922 -0.987996 -0.044536
0.279142 0.104728 -0.954522 -0.932985 -0.205612 -0.295403 0.227199 -0.973014 -0.040314
0.576809 0.430374 -0.694313 -0.595778 -0.359867 -0.718015 0.558875 -0.827813 -0.048833
0.533376 0.479484 -0.696854 -0.563820 -0.412600 -0.715449 0.630569 -0.774504 -0.050272
0.453528 0.293212 -0.841629 -0.752654 -0.379738 -0.537877 0.477310 -0.877397 -0.048465
0.388819 0.367534 -0.844831 -0.681531 -0.502294 -0.532180 0.619948 -0.782700 -0.055184
0.232888 0.180686 -0.955571 -0.846811 -0.445480 -0.290617 0.478198 -0.876869 -0.049260
0.215487 0.195943 -0.956646 -0.811257 -0.509367 -0.287068 0.543532 -0.837945 -0.049198
0.684280 0.192850 -0.703256 -0.694457 -0.121873 -0.709138 0.222465 -0.973630 -0.050531
0.663816 0.254033 -0.703431 -0.680655 -0.184562 -0.708975 0.309930 -0.949423 -0.050394
0.516576 0.107083 -0.849519 -0.846494 -0.085408 -0.525503 0.128829 -0.990575 -0.046525
0.486679 0.198895 -0.850637 -0.820783 -0.229277 -0.523208 0.299096 -0.952823 -0.051665
0.269407 0.078489 -0.959823 -0.953359 -0.119134 -0.277334 0.136115 -0.989771 -0.042733
0.258895 0.098328 -0.960888 -0.942044 -0.194048 -0.273675 0.213369 -0.976052 -0.042391
0.565131 0.416968 -0.711874 -0.623883 -0.348598 -0.699464 0.539812 -0.839415 -0.063136
0.520810 0.466127 -0.715180 -0.594002 -0.403825 -0.695763 0.613122 -0.787179 -0.066564
0.436006 0.280529 -0.855104 -0.776021 -0.363970 -0.515089 0.455730 -0.888161 -0.059003
0.369438 0.355285 -0.858655 -0.708208 -0.490594 -0.507701 0.601629 -0.795670 -0.070372
0.208210 0.170465 -0.963115 -0.865564 -0.426430 -0.262596 0.455464 -0.888313 -0.058762
0.190193 0.186222 -0.963923 -0.831133 -0.492048 -0.259051 0.522537 -0.850418 -0.061192
0.669126 0.182718 -0.720336 -0.712816 -0.116302 -0.691641 0.210152 -0.976262 -0.052424
0.648247 0.241271 -0.722194 -0.702347 -0.176854 -0.689516 0.294083 -0.954207 -0.054810
0.496139 0.098915 -0.862590 -0.859978 -0.080768 -0.503899 0.119513 -0.991813 -0.044992
0.465400 0.186568 -0.865214 -0.838766 -0.219170 -0.498434 0.282620 -0.957683 -0.054486
0.242828 0.071355 -0.967442 -0.961744 -0.112671 -0.249708 0.126821 -0.991067 -0.041265
0.232583 0.090142 -0.968390 -0.951657 -0.184312 -0.245721 0.200636 -0.978725 -0.042916
0.990027 -0.137898 -0.028820 -0.019974 0.065108 -0.997678 -0.139455 -0.988304 -0.061704
0.998227 -0.029403 -0.051754 -0.050088 0.054810 -0.997240 -0.032159 -0.998064 -0.053240
0.962744 -0.239738 -0.125101 -0.108666 0.080643 -0.990802 -0.247621 -0.967483 -0.051587
0.987089 -0.040203 -0.155048 -0.152911 0.051682 -0.986888 -0.047689 -0.997854 -0.044867
0.922875 -0.220686 -0.315593 -0.296919 0.114106 -0.948061 -0.245235 -0.968647 -0.039779
0.937387 -0.135773 -0.320736 -0.311880 0.082700 -0.946515 -0.155037 -0.987282 -0.035177
0.848537 -0.529016 -0.011284 0.020559 0.054269 -0.998315 -0.528736 -0.846875 -0.056925
0.906591 -0.421045 -0.028524 -0.005687 0.055396 -0.998448 -0.421971 -0.905347 -0.047827
0.779041 -0.615045 -0.121717 -0.072399 0.104588 -0.991877 -0.622779 -0.781525 -0.036950
0.894279 -0.421601 -0.150058 -0.121620 0.093729 -0.988141 -0.430666 -0.901924 -0.032545
0.752401 -0.577127 -0.317516 -0.237573 0.211829 -0.947991 -0.614371 -0.788703 -0.022270
0.804235 -0.496784 -0.326207 -0.267631 0.187345 -0.945132 -0.530640 -0.847412 -0.017715
0.989998 -0.123577 -0.068062 -0.062132 0.051227 -0.996752 -0.126662 -0.991012 -0.043037
0.996497 -0.025041 -0.079790 -0.078646 0.043744 -0.995942 -0.028430 -0.998729 -0.041621
0.960126 -0.225115 -0.165778 -0.153476 0.071215 -0.985583 -0.233675 -0.971726 -0.033825
0.982470 -0.040267 -0.182019 -0.180209 0.044770 -0.982609 -0.047716 -0.998185 -0.036729
0.914990 -0.211243 -0.343759 -0.328263 0.105639 -0.938661 -0.234600 -0.971708 -0.027316
0.928768 -0.130627 -0.346882 -0.339711 0.074390 -0.937583 -0.148278 -0.988637 -0.024716
0.862144 -0.502700 -0.063248 -0.041160 0.054930 -0.997642 -0.504989 -0.862714 -0.026666
0.912845 -0.401768 -0.072779 -0.056612 0.051985 -0.997042 -0.404363 -0.914265 -0.024709
0.789049 -0.590569 -0.169203 -0.128503 0.110667 -0.985515 -0.600740 -0.799363 -0.011432
0.894261 -0.407316 -0.185447 -0.162391 0.090809 -0.982539 -0.417044 -0.908761 -0.015062
0.749095 -0.562494 -0.349938 -0.278462 0.211944 -0.936770 -0.601095 -0.799175 -0.002133
0.798815 -0.485589 -0.355104 -0.304454 0.182784 -0.934825 -0.518848 -0.854865 0.001828
0.988043 -0.118383 -0.098777 -0.093913 0.045996 -0.994517 -0.122277 -0.991902 -0.034328
0.993841 -0.026764 -0.107536 -0.106467 0.038605 -0.993567 -0.030744 -0.998896 -0.035517
0.956809 -0.212680 -0.198200 -0.188520 0.065076 -0.979911 -0.221306 -0.974952 -0.022171
0.976753 -0.037872 -0.210997 -0.209533 0.039234 -0.977014 -0.045279 -0.998512 -0.030386
0.906789 -0.202500 -0.369767 -0.357031 0.097561 -0.928984 -0.224194 -0.974410 -0.016168
0.919668 -0.124805 -0.372337 -0.366565 0.067262 -0.927958 -0.140858 -0.989899 -0.016109
0.868801 -0.485707 -0.096304 -0.081003 0.052456 -0.995333 -0.488491 -0.872546 -0.006230
0.917267 -0.383894 -0.106048 -0.094952 0.047802 -0.994333 -0.386788 -0.922139 -0.007396
0.794086 -0.574752 -0.197704 -0.166420 0.107245 -0.980206 -0.584578 -0.811270 0.010489
0.895213 -0.390970 -0.213861 -0.196623 0.084132 -0.976863 -0.399917 -0.916550 0.001558
0.747905 -0.547921 -0.374727 -0.314612 0.204493 -0.926931 -0.584514 -0.811151 0.019441
0.796213 -0.471310 -0.379356 -0.337869 0.173759 -0.925015 -0.501886 -0.864682 0.020892
0.707819 -0.076711 -0.702216 -0.687753 0.152024 -0.709848 -0.161207 -0.985395 -0.054847
0.711694 -0.002422 -0.702486 -0.700267 0.077037 -0.709712 -0.055836 -0.997025 -0.053131
0.526379 -0.103119 -0.843974 -0.809708 0.242060 -0.534584 -0.259418 -0.964766 -0.043919
0.531996 0.007195 -0.846716 -0.844579 0.076012 -0.530007 -0.060548 -0.997081 -0.046515
0.289750 -0.036820 -0.956394 -0.925480 0.243961 -0.289776 -0.243992 -0.969086 -0.036612
0.285422 -0.011668 -0.958331 -0.945617 0.159356 -0.283575 -0.156024 -0.987152 -0.034450
0.608894 -0.363085 -0.705278 -0.576629 0.407972 -0.707854 -0.544745 -0.837692 -0.039046
0.644362 -0.287977 -0.708426 -0.624122 0.337271 -0.704783 -0.441893 -0.896280 -0.037592
0.424306 -0.319506 -0.847278 -0.646564 0.548190 -0.530512 -0.633971 -0.772919 -0.026019
0.475846 -0.209518 -0.854209 -0.758531 0.393845 -0.519150 -0.445197 -0.894979 -0.028483
0.231399 -0.164193 -0.958903 -0.750928 0.596506 -0.283351 -0.618516 -0.785634 -0.014734
0.236706 -0.138090 -0.961718 -0.809725 0.519008 -0.273818 -0.536951 -0.843541 -0.011037
0.692568 -0.076059 -0.717331 -0.705322 0.137077 -0.695508 -0.151229 -0.987636 -0.041289
0.696969 -0.008149 -0.717055 -0.715047 0.067730 -0.695788 -0.054236 -0.997670 -0.041378
0.500892 -0.099567 -0.859764 -0.829686 0.227597 -0.509727 -0.246432 -0.968652 -0.031392
0.509101 0.001620 -0.860705 -0.858571 0.071354 -0.507704 -0.060592 -0.997450 -0.037717
0.258121 -0.038373 -0.965350 -0.937854 0.229951 -0.259909 -0.231957 -0.972445 -0.023367
0.256308 -0.015503 -0.966471 -0.955178 0.149165 -0.255706 -0.148128 -0.988691 -0.023424
0.589190 -0.348114 -0.729158 -0.612935 0.395433 -0.684064 -0.526465 -0.849970 -0.019614
0.622953 -0.279793 -0.730510 -0.654350 0.325354 -0.682621 -0.428667 -0.903250 -0.019597
0.395215 -0.302922 -0.867205 -0.683434 0.533833 -0.497936 -0.613778 -0.789469 -0.003952
0.448294 -0.203074 -0.870513 -0.783646 0.379224 -0.492025 -0.430037 -0.902746 -0.010865
0.194350 -0.155720 -0.968493 -0.776605 0.578736 -0.248896 -0.599260 -0.800510 0.008456
0.203436 -0.133101 -0.969999 -0.831630 0.499372 -0.242939 -0.516725 -0.856103 0.009101
0.673025 -0.077240 -0.735576 -0.724628 0.130364 -0.676697 -0.148161 -0.988453 -0.031769
0.678217 -0.011975 -0.734764 -0.732814 0.063566 -0.677453 -0.054818 -0.997906 -0.034336
0.475633 -0.098932 -0.874063 -0.846945 0.216900 -0.485427 -0.237608 -0.971168 -0.019375
0.484348 -0.002908 -0.874871 -0.872802 0.067195 -0.483426 -0.060192 -0.997736 -0.030008
0.228415 -0.040561 -0.972719 -0.947696 0.219524 -0.231693 -0.222933 -0.974764 -0.011703
0.226517 -0.019569 -0.973811 -0.963388 0.142732 -0.226961 -0.143436 -0.989568 -0.013478
0.570283 -0.339934 -0.747811 -0.642282 0.383009 -0.663911 -0.512105 -0.858923 -0.000090
0.604297 -0.272937 -0.748552 -0.680538 0.311777 -0.663071 -0.414358 -0.910110 -0.002662
0.370838 -0.295625 -0.880389 -0.711091 0.519371 -0.473924 -0.597352 -0.801786 0.017614
0.423637 -0.199611 -0.883565 -0.804871 0.364567 -0.468267 -0.415590 -0.909531 0.006217
0.165884 -0.153182 -0.974175 -0.797337 0.560465 -0.223901 -0.580289 -0.813888 0.029165
0.174558 -0.132520 -0.975688 -0.848535 0.482445 -0.217336 -0.499518 -0.865844 0.028234
0.548802 -0.835949 -0.002289 0.033512 0.024737 -0.999132 -0.835280 -0.548249 -0.041590
0.648324 -0.760988 -0.023941 0.007553 0.037872 -0.999254 -0.761328 -0.647659 -0.030301
0.458439 -0.881812 -0.110642 -0.034112 0.106943 -0.993680 -0.888071 -0.459316 -0.018946
0.639941 -0.753840 -0.149003 -0.087464 0.121190 -0.988768 -0.763430 -0.645786 -0.011621
0.451260 -0.837991 -0.306817 -0.143585 0.271153 -0.951766 -0.880766 -0.473548 -0.002037
0.525659 -0.787358 -0.322103 -0.181550 0.266082 -0.946700 -0.831097 -0.556118 0.003076
0.168097 -0.985741 -0.007684 0.019073 0.011046 -0.999757 -0.985586 -0.167909 -0.020658
0.282453 -0.959223 -0.010543 0.008101 0.013375 -0.999878 -0.959247 -0.282333 -0.011549
0.067161 -0.989990 -0.124138 -0.011562 0.123638 -0.992260 -0.997675 -0.068076 0.003143
0.280890 -0.950143 -0.135388 -0.047458 0.127144 -0.990748 -0.958566 -0.284716 0.009378
0.070516 -0.952314 -0.296859 -0.038308 0.294795 -0.954792 -0.996775 -0.078700 0.015693
0.161717 -0.938714 -0.304408 -0.076411 0.295632 -0.952241 -0.983875 -0.177254 0.023919
0.581988 -0.811118 -0.058111 -0.032695 0.048063 -0.998309 -0.812540 -0.582904 -0.001453
0.672991 -0.736466 -0.068566 -0.048215 0.048822 -0.997643 -0.738077 -0.674711 0.002652
0.479458 -0.862793 -0.160339 -0.089109 0.133900 -0.986980 -0.873029 -0.487503 0.012683
0.650688 -0.737320 -0.181563 -0.130984 0.126536 -0.983276 -0.747963 -0.663588 0.014242
0.459736 -0.820256 -0.340329 -0.189338 0.283883 -0.939980 -0.867637 -0.496580 0.024794
0.531004 -0.771416 -0.350645 -0.226584 0.269474 -0.935972 -0.816514 -0.576455 0.031699
0.192934 -0.980271 -0.042952 -0.025515 0.038748 -0.998923 -0.980880 -0.193822 0.017536
0.308989 -0.949616 -0.052488 -0.039339 0.042380 -0.998327 -0.950252 -0.310537 0.024262
0.077107 -0.986851 -0.142058 -0.042913 0.139066 -0.989353 -0.996099 -0.082382 0.031626
0.295303 -0.941356 -0.163233 -0.086149 0.143920 -0.985832 -0.951512 -0.305181 0.038597
0.069022 -0.945491 -0.318250 -0.070160 0.313620 -0.946953 -0.995145 -0.087689 0.044689
0.161903 -0.930164 -0.329519 -0.113973 0.314064 -0.942536 -0.980203 -0.190155 0.055166
0.601063 -0.794818 -0.083593 -0.071448 0.050738 -0.996153 -0.796001 -0.604724 0.026291
0.688213 -0.719349 -0.094338 -0.085492 0.048715 -0.995147 -0.720454 -0.692939 0.027972
0.498660 -0.847216 -0.183205 -0.129866 0.135950 -0.982167 -0.857014 -0.513559 0.042232
0.662899 -0.720187 -0.204685 -0.168014 0.123320 -0.978040 -0.729614 -0.682732 0.039253
0.469296 -0.805805 -0.361163 -0.230682 0.282922 -0.930989 -0.852377 -0.520224 0.053111
0.538194 -0.756878 -0.370789 -0.265229 0.265491 -0.926913 -0.800001 -0.597203 0.057860
0.209619 -0.976075 -0.057773 -0.060277 0.046073 -0.997118 -0.975923 -0.212497 0.049177
0.331410 -0.941019 -0.068202 -0.075703 0.045532 -0.996090 -0.940445 -0.335277 0.056148
0.084472 -0.984452 -0.154006 -0.077413 0.147607 -0.986012 -0.993414 -0.095212 0.063740
0.311257 -0.933714 -0.176909 -0.122954 0.145025 -0.981759 -0.942338 -0.327331 0.069663
0.068308 -0.941508 -0.329994 -0.105869 0.322058 -0.940782 -0.992031 -0.099199 0.077677
0.163802 -0.925523 -0.341432 -0.151188 0.318466 -0.935800 -0.974839 -0.204906 0.087763
0.403691 -0.591088 -0.698318 -0.371039 0.591916 -0.715518 -0.836280 -0.547951 -0.019634
0.459970 -0.535085 -0.708598 -0.442576 0.553676 -0.705386 -0.769775 -0.638065 -0.017858
0.251106 -0.478975 -0.841147 -0.382842 0.748988 -0.540786 -0.889032 -0.457821 -0.004704
0.334141 -0.397448 -0.854625 -0.543619 0.659455 -0.519227 -0.769953 -0.638086 -0.004290
0.129758 -0.259226 -0.957061 -0.452582 0.843325 -0.289781 -0.882231 -0.470750 0.007893
0.144571 -0.240279 -0.959878 -0.535578 0.796683 -0.280094 -0.832019 -0.554583 0.013511
0.123881 -0.712753 -0.690389 -0.117381 0.680337 -0.723438 -0.985330 -0.170659 -0.000617
0.198921 -0.689628 -0.696307 -0.199700 0.667075 -0.717727 -0.959453 -0.281823 0.005023
0.024569 -0.543449 -0.839083 -0.060498 0.836990 -0.543864 -0.997866 -0.064125 0.012314
0.131337 -0.515293 -0.846891 -0.244870 0.810956 -0.531403 -0.960619 -0.277171 0.019671
-0.002281 -0.302866 -0.953030 -0.078630 0.950137 -0.301758 -0.996901 -0.074248 0.025982
0.016455 -0.298141 -0.954380 -0.171353 0.939547 -0.296461 -0.985072 -0.168414 0.035627
0.388216 -0.567450 -0.726147 -0.419813 0.592548 -0.687491 -0.820393 -0.571741 0.008187
0.440335 -0.517948 -0.733372 -0.487068 0.548376 -0.679741 -0.754234 -0.656516 0.010807
0.227525 -0.454176 -0.861369 -0.427450 0.748208 -0.507417 -0.874940 -0.483642 0.023902
0.307112 -0.383924 -0.870795 -0.580619 0.649398 -0.491085 -0.754032 -0.656418 0.023476
0.096393 -0.243939 -0.964988 -0.489300 0.832656 -0.259363 -0.866772 -0.497169 0.039097
0.112147 -0.229137 -0.966912 -0.570382 0.781942 -0.251458 -0.813688 -0.579710 0.043003
0.110382 -0.694163 -0.711304 -0.154118 0.695066 -0.702233 -0.981867 -0.187138 0.030261
0.183820 -0.669019 -0.720155 -0.240729 0.679689 -0.692873 -0.953027 -0.300726 0.036112
0.003836 -0.529153 -0.848518 -0.087461 0.845095 -0.527414 -0.996161 -0.076236 0.043038
0.109173 -0.498759 -0.859837 -0.281124 0.814201 -0.507982 -0.953441 -0.297179 0.051325
-0.031891 -0.289163 -0.956749 -0.100109 0.953346 -0.284797 -0.994465 -0.086697 0.059351
-0.013251 -0.284171 -0.958682 -0.198540 0.940424 -0.276015 -0.980003 -0.186680 0.068881
0.373248 -0.554615 -0.743699 -0.458363 0.586713 -0.667586 -0.806591 -0.590059 0.035225
0.424946 -0.506896 -0.749985 -0.522326 0.539368 -0.660499 -0.739322 -0.672413 0.035562
0.207518 -0.442497 -0.872429 -0.464647 0.740229 -0.485967 -0.860836 -0.506219 0.051995
0.285878 -0.375801 -0.881503 -0.611566 0.636649 -0.469750 -0.737740 -0.673389 0.047823
0.070312 -0.237681 -0.968795 -0.520001 0.820067 -0.238933 -0.851267 -0.520574 0.065933
0.085294 -0.224311 -0.970778 -0.598196 0.767653 -0.229935 -0.796797 -0.600328 0.068706
0.094763 -0.681792 -0.725383 -0.187465 0.703404 -0.685624 -0.977690 -0.200956 0.061156
0.171103 -0.657411 -0.733849 -0.277980 0.682361 -0.676099 -0.945225 -0.319678 0.065994
-0.019781 -0.517076 -0.855711 -0.111594 0.851672 -0.512055 -0.993557 -0.085363 0.074550
0.089225 -0.489110 -0.867646 -0.312786 0.813291 -0.490635 -0.945623 -0.315164 0.080421
-0.059821 -0.281845 -0.957593 -0.118897 0.954494 -0.273505 -0.991103 -0.097493 0.090609
-0.040760 -0.277426 -0.959882 -0.220686 0.939455 -0.262150 -0.974493 -0.201147 0.099516
-0.220122 -0.974381 -0.046130 0.014590 0.043996 -0.998925 -0.975363 0.220558 -0.004532
-0.125241 -0.991644 -0.030948 -0.003708 0.031661 -0.999492 -0.992119 0.125063 0.007643
-0.303777 -0.940801 -0.150378 0.043700 0.143912 -0.988625 -0.951740 0.306893 0.002604
-0.127578 -0.982663 -0.134523 -0.002558 0.135957 -0.990711 -0.991825 0.126049 0.019859
-0.298839 -0.906785 -0.297382 0.077600 0.287500 -0.954632 -0.951143 0.308358 0.015550
-0.224175 -0.927865 -0.298013 0.039972 0.296784 -0.954108 -0.973729 0.225800 0.029443
-0.547800 -0.834519 -0.059105 0.044210 0.041674 -0.998153 -0.835441 0.549401 -0.014065
-0.473993 -0.879159 -0.049098 0.022175 0.043824 -0.998793 -0.880249 0.474510 0.001277
-0.618536 -0.771614 -0.148410 0.104527 0.106395 -0.988815 -0.778773 0.627130 -0.014845
-0.481021 -0.867066 -0.129675 0.053812 0.118432 -0.991503 -0.875056 0.483911 0.010309
-0.602911 -0.742804 -0.291102 0.185567 0.224304 -0.956688 -0.775927 0.630817 -0.002605
-0.544692 -0.789431 -0.283035 0.148921 0.241082 -0.959011 -0.825308 0.564516 0.013752
-0.226038 -0.973670 -0.029537 -0.015924 0.034011 -0.999295 -0.973988 0.225409 0.023193
-0.120072 -0.992324 -0.029586 -0.032066 0.033663 -0.998919 -0.992247 0.118994 0.035862
-0.327122 -0.936462 -0.126611 0.012045 0.129840 -0.991462 -0.944905 0.325854 0.031194
-0.134776 -0.981510 -0.135918 -0.030709 0.141241 -0.989499 -0.990400 0.129187 0.049177
-0.322959 -0.902808 -0.283962 0.051652 0.282779 -0.957793 -0.945002 0.323996 0.044694
-0.243619 -0.924031 -0.294647 0.014838 0.300214 -0.953757 -0.969758 0.236725 0.059427
-0.566254 -0.824031 -0.018157 -0.000696 0.022508 -0.999746 -0.824231 0.566098 0.013319
-0.493107 -0.869819 -0.016131 -0.016509 0.027895 -0.999475 -0.869812 0.492582 0.028115
-0.641311 -0.759809 -0.106819 0.058390 0.090485 -0.994185 -0.765056 0.643819 0.013664
-0.503322 -0.857659 -0.105296 0.020090 0.110209 -0.993705 -0.863865 0.502270 0.038241
-0.630522 -0.731684 -0.258998 0.149407 0.213032 -0.965554 -0.761656 0.647499 0.025003
-0.570436 -0.778981 -0.260365 0.118953 0.235304 -0.964615 -0.812682 0.581223 0.041564
-0.236679 -0.971268 -0.024937 -0.046441 0.036946 -0.998238 -0.970477 0.235103 0.053851
-0.121704 -0.992052 -0.031961 -0.062886 0.039843 -0.997225 -0.990572 0.119357 0.067236
-0.347106 -0.930682 -0.115536 -0.017373 0.129555 -0.991420 -0.937665 0.342120 0.061138
-0.143347 -0.980242 -0.136301 -0.060968 0.146208 -0.987373 -0.987793 0.133227 0.080722
